20150101
20150119
20150216
20150403
20150525
20150703
20150907
20151126
20151225
20140101
20140120
20140217
20140418
20140526
20140704
20140901
20141127
20141225
20130101
20130121
20130218
20130329
20130527
20130704
20130902
20131128
20131225
20120102
20120116
20120220
20120406
20120528
20120704
20120903
20121122
20121225
20110117
20110221
20110422
20110530
20110704
20110905
20111124
20111226
20100101
20100118
20100215
20100402
20100531
20100705
20100906
20101125
20101224
20090101
20090119
20090216
20090410
20090525
20090703
20090907
20091126
20091225